31.2
38.6
35.2
45.1
42.5
21.2
21.7
13.2
24.0
21.7
24.8
36.0
30.2
22.0
29.5
34.0
22.3
32.7
39.4
37.2
33.8
34.0
32.4
35.1
37.6
26.6
24.4
23.5
26.3
33.9
20.4
27.5
29.6
19.3
30.0
33.2
18.1
29.0
33.0
28.9
29.9
28.4
32.3
17.6
22.9
20.5
10.2
19.4
24.2
22.0
10.9
20.1
34.1
29.3
12.4
27.7
26.9
23.7
22.1
26.7
32.2
28.3
38.9
32.9
21.0
26.8
40.2
44.9
40.7
46.4
45.3
37.1
43.6
44.1
40.2
47.9
33.7
33.5
34.4
34.9
39.9
30.5
33.6
39.1
45.2
44.9
37.6
33.5
42.2
42.8
39.8
49.9
59.2
52.0
50.1
46.7
50.6
43.0
39.3
43.0
55.3
51.3
55.6
59.3
59.1
56.5
59.7
66.0
57.6
50.6
57.4
58.8
47.4
43.4
46.1
52.0
53.8
57.2
64.2
52.4
52.6
53.9
59.5
66.5
72.7
65.3
64.6
64.2
58.0
66.3
74.4
74.9
65.1
59.7
63.2
65.2
70.4
63.6
61.6
69.3
57.1
61.8
59.3
65.7
72.5
75.2
73.5
73.4
73.0
73.1
74.6
57.4
52.0
58.2
58.1
59.5
65.7
65.3
67.5
70.6
74.2
80.2
80.7
80.5
77.0
70.3
68.1
73.9
66.8
73.2
69.5
75.0
79.6
84.4
77.1
76.5
74.8
69.0
64.2
71.3
75.3
76.4
75.7
73.5
71.8
72.0
77.1
79.5
82.5
73.8
75.8
78.6
81.1
80.4
76.1
75.9
72.1
73.5
76.3
84.3
89.1
86.0
77.1
76.1
78.2
78.1
79.8
79.9
82.8
86.3
82.1
81.1
83.7
81.0
82.5
84.2
80.5
76.3
75.8
74.7
75.7
74.5
75.1
77.3
75.7
78.9
81.4
82.8
84.7
83.4
80.2
81.0
78.7
76.6
75.8
78.5
80.6
76.9
74.2
73.1
76.8
79.1
82.7
82.6
77.1
82.6
80.3
72.9
73.9
77.8
83.3
81.1
75.3
72.4
74.6
72.6
66.6
73.2
76.8
78.0
76.9
73.9
73.3
66.3
66.3
67.6
69.9
68.5
65.9
62.2
68.5
72.6
73.2
59.4
53.9
51.6
57.1
57.2
62.4
64.6
64.2
66.9
60.0
59.7
64.5
66.1
64.5
58.5
59.0
52.9
44.4
43.5
56.0
65.5
65.0
60.0
48.3
59.3
53.0
52.2
56.9
67.6
56.8
49.0
57.3
60.2
61.3
61.5
62.0
68.3
65.9
53.5
53.0
56.0
53.2
55.2
56.8
47.8
47.4
58.8
49.1
50.5
59.7
58.9
47.2
52.1
41.8
39.2
44.0
48.1
55.6
57.2
43.0
39.8
47.1
48.1
51.4
46.9
47.1
47.1
48.8
45.3
45.7
55.0
54.3
59.0
57.1
53.1
60.7
50.0
53.4
51.1
39.2
39.8
45.6
56.8
54.2
64.0
60.3
54.5
52.4
44.8
40.2
41.8
47.0
